list0.dat
# Done! 66 Cycles
# test         '{228, 18, 60, 78, 245, 148, 31, 115, 140, 22, 81, 37, 35, 124, 228, 56, 38, 56, 33, 199, 65, 236, 15, 154, 215, 57, 63, 0, 65, 24, 163, 11}
# test         '{0, 11, 15, 18, 22, 24, 31, 33, 35, 37, 38, 56, 56, 57, 60, 63, 65, 65, 78, 81, 115, 124, 140, 148, 154, 163, 199, 215, 228, 228, 236, 245}
# MergeSort    '{0, 11, 15, 18, 22, 24, 31, 33, 35, 37, 38, 56, 56, 57, 60, 63, 65, 65, 78, 81, 115, 124, 140, 148, 154, 163, 199, 215, 228, 228, 236, 245}
# FIFO4_1      '{18, 22, 31, 35, 37, 56, 60, 78, 81, 115, 124, 140, 148, 228, 228, 245}
# FIFO4_2      '{0, 11, 15, 24, 33, 38, 56, 57, 63, 65, 65, 154, 163, 199, 215, 236}
# penUltimate  '{18, 22, 31, 35, 37, 56, 60, 78, 81, 115, 124, 140, 148, 228, 228, 245, 0, 11, 15, 24, 33, 38, 56, 57, 63, 65, 65, 154, 163, 199, 215, 236}

list1.dat
# Done! 66 Cycles
# test         '{208, 116, 248, 106, 62, 87, 167, 0, 237, 228, 56, 135, 89, 152, 137, 61, 50, 84, 16, 251, 64, 71, 8, 31, 157, 181, 26, 153, 121, 41, 117, 64}
# test         '{0, 8, 16, 26, 31, 41, 50, 56, 61, 62, 64, 64, 71, 84, 87, 89, 106, 116, 117, 121, 135, 137, 152, 153, 157, 167, 181, 208, 228, 237, 248, 251}
# MergeSort    '{0, 8, 16, 26, 31, 41, 50, 56, 61, 62, 64, 64, 71, 84, 87, 89, 106, 116, 117, 121, 135, 137, 152, 153, 157, 167, 181, 208, 228, 237, 248, 251}
# FIFO4_1      '{0, 56, 61, 62, 87, 89, 106, 116, 135, 137, 152, 167, 208, 228, 237, 248}
# FIFO4_2      '{8, 16, 26, 31, 41, 50, 64, 64, 71, 84, 117, 121, 153, 157, 181, 251}
# penUltimate  '{0, 56, 61, 62, 87, 89, 106, 116, 135, 137, 152, 167, 208, 228, 237, 248, 8, 16, 26, 31, 41, 50, 64, 64, 71, 84, 117, 121, 153, 157, 181, 251}

list2.dat
# Done! 66 Cycles
# test         '{90, 6, 91, 130, 212, 177, 47, 89, 149, 211, 222, 19, 140, 186, 175, 183, 234, 205, 52, 54, 73, 44, 190, 246, 193, 215, 223, 205, 192, 244, 99, 210}
# test         '{6, 19, 44, 47, 52, 54, 73, 89, 90, 91, 99, 130, 140, 149, 175, 177, 183, 186, 190, 192, 193, 205, 205, 210, 211, 212, 215, 222, 223, 234, 244, 246}
# MergeSort    '{6, 19, 44, 47, 52, 54, 73, 89, 90, 91, 99, 130, 140, 149, 175, 177, 183, 186, 190, 192, 193, 205, 205, 210, 211, 212, 215, 222, 223, 234, 244, 246}
# FIFO4_1      '{6, 19, 47, 89, 90, 91, 130, 140, 149, 175, 177, 183, 186, 211, 212, 222}
# FIFO4_2      '{44, 52, 54, 73, 99, 190, 192, 193, 205, 205, 210, 215, 223, 234, 244, 246}
# penUltimate  '{6, 19, 47, 89, 90, 91, 130, 140, 149, 175, 177, 183, 186, 211, 212, 222, 44, 52, 54, 73, 99, 190, 192, 193, 205, 205, 210, 215, 223, 234, 244, 246}

list3.dat
# Done! 66 Cycles
# test         '{97, 100, 230, 39, 145, 92, 194, 81, 19, 107, 47, 205, 13, 207, 172, 203, 135, 226, 89, 51, 199, 119, 128, 235, 239, 27, 82, 255, 33, 65, 136, 133}
# test         '{13, 19, 27, 33, 39, 47, 51, 65, 81, 82, 89, 92, 97, 100, 107, 119, 128, 133, 135, 136, 145, 172, 194, 199, 203, 205, 207, 226, 230, 235, 239, 255}
# MergeSort    '{13, 19, 27, 33, 39, 47, 51, 65, 81, 82, 89, 92, 97, 100, 107, 119, 128, 133, 135, 136, 145, 172, 194, 199, 203, 205, 207, 226, 230, 235, 239, 255}
# FIFO4_1      '{13, 19, 39, 47, 81, 92, 97, 100, 107, 145, 172, 194, 203, 205, 207, 230}
# FIFO4_2      '{27, 33, 51, 65, 82, 89, 119, 128, 133, 135, 136, 199, 226, 235, 239, 255}
# penUltimate  '{13, 19, 39, 47, 81, 92, 97, 100, 107, 145, 172, 194, 203, 205, 207, 230, 27, 33, 51, 65, 82, 89, 119, 128, 133, 135, 136, 199, 226, 235, 239, 255}

list4.dat
# Done! 66 Cycles
# test         '{145, 158, 109, 109, 120, 41, 252, 44, 3, 12, 3, 151, 86, 77, 171, 108, 41, 132, 199, 158, 203, 86, 59, 78, 79, 171, 201, 252, 135, 77, 242, 148}
# test         '{3, 3, 12, 41, 41, 44, 59, 77, 77, 78, 79, 86, 86, 108, 109, 109, 120, 132, 135, 145, 148, 151, 158, 158, 171, 171, 199, 201, 203, 242, 252, 252}
# MergeSort    '{3, 3, 12, 41, 41, 44, 59, 77, 77, 78, 79, 86, 86, 108, 109, 109, 120, 132, 135, 145, 148, 151, 158, 158, 171, 171, 199, 201, 203, 242, 252, 252}
# FIFO4_1      '{3, 3, 12, 41, 44, 77, 86, 108, 109, 109, 120, 145, 151, 158, 171, 252}
# FIFO4_2      '{41, 59, 77, 78, 79, 86, 132, 135, 148, 158, 171, 199, 201, 203, 242, 252}
# penUltimate  '{3, 3, 12, 41, 44, 77, 86, 108, 109, 109, 120, 145, 151, 158, 171, 252, 41, 59, 77, 78, 79, 86, 132, 135, 148, 158, 171, 199, 201, 203, 242, 252}

list5.dat
# Done! 66 Cycles
# test         '{42, 103, 244, 132, 154, 27, 125, 15, 67, 82, 22, 11, 167, 113, 186, 81, 176, 112, 92, 151, 191, 134, 220, 224, 115, 86, 177, 183, 21, 117, 81, 93}
# test         '{11, 15, 21, 22, 27, 42, 67, 81, 81, 82, 86, 92, 93, 103, 112, 113, 115, 117, 125, 132, 134, 151, 154, 167, 176, 177, 183, 186, 191, 220, 224, 244}
# MergeSort    '{11, 15, 21, 22, 27, 42, 67, 81, 81, 82, 86, 92, 93, 103, 112, 113, 115, 117, 125, 132, 134, 151, 154, 167, 176, 177, 183, 186, 191, 220, 224, 244}
# FIFO4_1      '{11, 15, 22, 27, 42, 67, 81, 82, 103, 113, 125, 132, 154, 167, 186, 244}
# FIFO4_2      '{21, 81, 86, 92, 93, 112, 115, 117, 134, 151, 176, 177, 183, 191, 220, 224}
# penUltimate  '{11, 15, 22, 27, 42, 67, 81, 82, 103, 113, 125, 132, 154, 167, 186, 244, 21, 81, 86, 92, 93, 112, 115, 117, 134, 151, 176, 177, 183, 191, 220, 224}

list6.dat
# Done! 66 Cycles
# test         '{58, 158, 60, 16, 233, 208, 122, 50, 39, 2, 62, 240, 211, 104, 189, 207, 137, 208, 207, 81, 255, 2, 175, 78, 20, 3, 79, 187, 113, 83, 92, 243}
# test         '{2, 2, 3, 16, 20, 39, 50, 58, 60, 62, 78, 79, 81, 83, 92, 104, 113, 122, 137, 158, 175, 187, 189, 207, 207, 208, 208, 211, 233, 240, 243, 255}
# MergeSort    '{2, 2, 3, 16, 20, 39, 50, 58, 60, 62, 78, 79, 81, 83, 92, 104, 113, 122, 137, 158, 175, 187, 189, 207, 207, 208, 208, 211, 233, 240, 243, 255}
# FIFO4_1      '{2, 16, 39, 50, 58, 60, 62, 104, 122, 158, 189, 207, 208, 211, 233, 240}
# FIFO4_2      '{2, 3, 20, 78, 79, 81, 83, 92, 113, 137, 175, 187, 207, 208, 243, 255}
# penUltimate  '{2, 16, 39, 50, 58, 60, 62, 104, 122, 158, 189, 207, 208, 211, 233, 240, 2, 3, 20, 78, 79, 81, 83, 92, 113, 137, 175, 187, 207, 208, 243, 255}

list7.dat
# Done! 66 Cycles
# test         '{27, 77, 152, 144, 246, 62, 243, 223, 1, 47, 181, 97, 198, 96, 136, 63, 209, 58, 200, 172, 222, 98, 198, 182, 21, 157, 150, 107, 102, 88, 39, 219}
# test         '{1, 21, 27, 39, 47, 58, 62, 63, 77, 88, 96, 97, 98, 102, 107, 136, 144, 150, 152, 157, 172, 181, 182, 198, 198, 200, 209, 219, 222, 223, 243, 246}
# MergeSort    '{1, 21, 27, 39, 47, 58, 62, 63, 77, 88, 96, 97, 98, 102, 107, 136, 144, 150, 152, 157, 172, 181, 182, 198, 198, 200, 209, 219, 222, 223, 243, 246}
# FIFO4_1      '{1, 27, 47, 62, 63, 77, 96, 97, 136, 144, 152, 181, 198, 223, 243, 246}
# FIFO4_2      '{21, 39, 58, 88, 98, 102, 107, 150, 157, 172, 182, 198, 200, 209, 219, 222}
# penUltimate  '{1, 27, 47, 62, 63, 77, 96, 97, 136, 144, 152, 181, 198, 223, 243, 246, 21, 39, 58, 88, 98, 102, 107, 150, 157, 172, 182, 198, 200, 209, 219, 222}

list8.dat
# Done! 66 Cycles
# test         '{66, 134, 221, 225, 204, 209, 73, 181, 110, 113, 34, 248, 233, 32, 51, 100, 46, 141, 134, 223, 67, 136, 150, 131, 37, 66, 10, 233, 34, 213, 99, 154}
# test         '{10, 32, 34, 34, 37, 46, 51, 66, 66, 67, 73, 99, 100, 110, 113, 131, 134, 134, 136, 141, 150, 154, 181, 204, 209, 213, 221, 223, 225, 233, 233, 248}
# MergeSort    '{10, 32, 34, 34, 37, 46, 51, 66, 66, 67, 73, 99, 100, 110, 113, 131, 134, 134, 136, 141, 150, 154, 181, 204, 209, 213, 221, 223, 225, 233, 233, 248}
# FIFO4_1      '{32, 34, 51, 66, 73, 100, 110, 113, 134, 181, 204, 209, 221, 225, 233, 248}
# FIFO4_2      '{10, 34, 37, 46, 66, 67, 99, 131, 134, 136, 141, 150, 154, 213, 223, 233}
# penUltimate  '{32, 34, 51, 66, 73, 100, 110, 113, 134, 181, 204, 209, 221, 225, 233, 248, 10, 34, 37, 46, 66, 67, 99, 131, 134, 136, 141, 150, 154, 213, 223, 233}

list9.dat
# test         '{222, 137, 239, 34, 148, 103, 133, 20, 140, 195, 163, 96, 37, 27, 193, 246, 218, 96, 63, 81, 159, 63, 1, 78, 89, 216, 3, 230, 131, 100, 82, 100}
# test         '{1, 3, 20, 27, 34, 37, 63, 63, 78, 81, 82, 89, 96, 96, 100, 100, 103, 131, 133, 137, 140, 148, 159, 163, 193, 195, 216, 218, 222, 230, 239, 246}
# MergeSort    '{1, 3, 20, 27, 34, 37, 63, 63, 78, 81, 82, 89, 96, 96, 100, 100, 103, 131, 133, 137, 140, 148, 159, 163, 193, 195, 216, 218, 222, 230, 239, 246}
# FIFO4_1      '{20, 27, 34, 37, 96, 103, 133, 137, 140, 148, 163, 193, 195, 222, 239, 246}
# FIFO4_2      '{1, 3, 63, 63, 78, 81, 82, 89, 96, 100, 100, 131, 159, 216, 218, 230}
# penUltimate  '{20, 27, 34, 37, 96, 103, 133, 137, 140, 148, 163, 193, 195, 222, 239, 246, 1, 3, 63, 63, 78, 81, 82, 89, 96, 100, 100, 131, 159, 216, 218, 230}





